Temperature (K)	Pressure (MPa)	Density (mol/m3)	Volume (m3/mol)	Internal Energy (kJ/mol)	Enthalpy (kJ/mol)	Entropy (J/mol*K)	Cv (J/mol*K)	Cp (J/mol*K)	Sound Spd. (m/s)	Joule-Thomson (K/MPa)	Viscosity (uPa*s)	Therm. Cond. (W/m*K)	Phase
401.15	5.4000	1793.6	0.00055753	22.093	25.104	96.817	34.850	48.901	294.35	5.0182	20.752	0.027796	vapor
401.16	5.4000	1793.6	0.00055755	22.093	25.104	96.818	34.850	48.900	294.36	5.0178	20.752	0.027796	vapor
401.17	5.4000	1793.5	0.00055757	22.094	25.105	96.819	34.851	48.900	294.37	5.0175	20.753	0.027797	vapor
401.18	5.4000	1793.4	0.00055759	22.094	25.105	96.820	34.851	48.899	294.37	5.0172	20.753	0.027798	vapor
401.19	5.4000	1793.4	0.00055761	22.095	25.106	96.821	34.851	48.899	294.38	5.0169	20.754	0.027798	vapor
401.20	5.4000	1793.3	0.00055763	22.095	25.106	96.823	34.851	48.898	294.38	5.0166	20.754	0.027799	vapor
401.21	5.4000	1793.3	0.00055765	22.095	25.107	96.824	34.851	48.898	294.39	5.0163	20.754	0.027800	vapor
401.22	5.4000	1793.2	0.00055767	22.096	25.107	96.825	34.851	48.898	294.39	5.0160	20.755	0.027800	vapor
401.23	5.4000	1793.1	0.00055769	22.096	25.108	96.826	34.852	48.897	294.40	5.0157	20.755	0.027801	vapor
401.24	5.4000	1793.1	0.00055771	22.097	25.108	96.828	34.852	48.897	294.40	5.0154	20.756	0.027802	vapor
401.25	5.4000	1793.0	0.00055773	22.097	25.109	96.829	34.852	48.896	294.41	5.0150	20.756	0.027802	vapor
401.26	5.4000	1792.9	0.00055775	22.097	25.109	96.830	34.852	48.896	294.41	5.0147	20.756	0.027803	vapor
401.27	5.4000	1792.9	0.00055777	22.098	25.110	96.831	34.852	48.895	294.42	5.0144	20.757	0.027804	vapor
401.28	5.4000	1792.8	0.00055779	22.098	25.110	96.832	34.852	48.895	294.42	5.0141	20.757	0.027804	vapor
401.29	5.4000	1792.7	0.00055781	22.098	25.111	96.834	34.853	48.895	294.43	5.0138	20.758	0.027805	vapor
401.30	5.4000	1792.7	0.00055783	22.099	25.111	96.835	34.853	48.894	294.43	5.0135	20.758	0.027806	vapor
401.31	5.4000	1792.6	0.00055785	22.099	25.112	96.836	34.853	48.894	294.44	5.0132	20.759	0.027806	vapor
401.32	5.4000	1792.5	0.00055787	22.100	25.112	96.837	34.853	48.893	294.44	5.0129	20.759	0.027807	vapor
401.33	5.4000	1792.5	0.00055789	22.100	25.113	96.838	34.853	48.893	294.45	5.0126	20.759	0.027808	vapor
401.34	5.4000	1792.4	0.00055791	22.100	25.113	96.840	34.853	48.893	294.45	5.0123	20.760	0.027808	vapor
401.35	5.4000	1792.4	0.00055793	22.101	25.114	96.841	34.854	48.892	294.46	5.0119	20.760	0.027809	vapor
401.36	5.4000	1792.3	0.00055795	22.101	25.114	96.842	34.854	48.892	294.46	5.0116	20.761	0.027810	vapor
401.37	5.4000	1792.2	0.00055797	22.101	25.115	96.843	34.854	48.891	294.47	5.0113	20.761	0.027810	vapor
401.38	5.4000	1792.2	0.00055799	22.102	25.115	96.845	34.854	48.891	294.47	5.0110	20.761	0.027811	vapor
401.39	5.4000	1792.1	0.00055801	22.102	25.115	96.846	34.854	48.890	294.48	5.0107	20.762	0.027812	vapor
401.40	5.4000	1792.0	0.00055803	22.103	25.116	96.847	34.854	48.890	294.48	5.0104	20.762	0.027812	vapor
401.41	5.4000	1792.0	0.00055805	22.103	25.116	96.848	34.855	48.890	294.49	5.0101	20.763	0.027813	vapor
401.42	5.4000	1791.9	0.00055807	22.103	25.117	96.849	34.855	48.889	294.49	5.0098	20.763	0.027814	vapor
401.43	5.4000	1791.8	0.00055809	22.104	25.117	96.851	34.855	48.889	294.50	5.0095	20.764	0.027814	vapor
401.44	5.4000	1791.8	0.00055811	22.104	25.118	96.852	34.855	48.888	294.50	5.0092	20.764	0.027815	vapor
401.45	5.4000	1791.7	0.00055813	22.105	25.118	96.853	34.855	48.888	294.51	5.0088	20.764	0.027816	vapor
401.46	5.4000	1791.6	0.00055815	22.105	25.119	96.854	34.855	48.887	294.51	5.0085	20.765	0.027816	vapor
401.47	5.4000	1791.6	0.00055817	22.105	25.119	96.856	34.856	48.887	294.52	5.0082	20.765	0.027817	vapor
401.48	5.4000	1791.5	0.00055819	22.106	25.120	96.857	34.856	48.887	294.52	5.0079	20.766	0.027818	vapor
401.49	5.4000	1791.5	0.00055821	22.106	25.120	96.858	34.856	48.886	294.53	5.0076	20.766	0.027819	vapor
401.50	5.4000	1791.4	0.00055823	22.106	25.121	96.859	34.856	48.886	294.53	5.0073	20.766	0.027819	vapor
401.51	5.4000	1791.3	0.00055825	22.107	25.121	96.860	34.856	48.885	294.54	5.0070	20.767	0.027820	vapor
401.52	5.4000	1791.3	0.00055827	22.107	25.122	96.862	34.856	48.885	294.54	5.0067	20.767	0.027821	vapor
401.53	5.4000	1791.2	0.00055829	22.108	25.122	96.863	34.857	48.885	294.55	5.0064	20.768	0.027821	vapor
401.54	5.4000	1791.1	0.00055831	22.108	25.123	96.864	34.857	48.884	294.55	5.0061	20.768	0.027822	vapor
401.55	5.4000	1791.1	0.00055833	22.108	25.123	96.865	34.857	48.884	294.56	5.0058	20.769	0.027823	vapor
401.56	5.4000	1791.0	0.00055835	22.109	25.124	96.867	34.857	48.883	294.56	5.0054	20.769	0.027823	vapor
401.57	5.4000	1790.9	0.00055837	22.109	25.124	96.868	34.857	48.883	294.57	5.0051	20.769	0.027824	vapor
401.58	5.4000	1790.9	0.00055839	22.109	25.125	96.869	34.857	48.882	294.57	5.0048	20.770	0.027825	vapor
401.59	5.4000	1790.8	0.00055841	22.110	25.125	96.870	34.858	48.882	294.58	5.0045	20.770	0.027825	vapor
401.60	5.4000	1790.7	0.00055843	22.110	25.126	96.871	34.858	48.882	294.58	5.0042	20.771	0.027826	vapor
401.61	5.4000	1790.7	0.00055845	22.111	25.126	96.873	34.858	48.881	294.59	5.0039	20.771	0.027827	vapor
401.62	5.4000	1790.6	0.00055847	22.111	25.127	96.874	34.858	48.881	294.59	5.0036	20.771	0.027827	vapor
401.63	5.4000	1790.6	0.00055849	22.111	25.127	96.875	34.858	48.880	294.60	5.0033	20.772	0.027828	vapor
401.64	5.4000	1790.5	0.00055851	22.112	25.128	96.876	34.858	48.880	294.60	5.0030	20.772	0.027829	vapor
401.65	5.4000	1790.4	0.00055853	22.112	25.128	96.877	34.859	48.880	294.61	5.0027	20.773	0.027829	vapor
401.66	5.4000	1790.4	0.00055855	22.113	25.129	96.879	34.859	48.879	294.61	5.0024	20.773	0.027830	vapor
401.67	5.4000	1790.3	0.00055857	22.113	25.129	96.880	34.859	48.879	294.62	5.0020	20.774	0.027831	vapor
401.68	5.4000	1790.2	0.00055859	22.113	25.130	96.881	34.859	48.878	294.62	5.0017	20.774	0.027831	vapor
401.69	5.4000	1790.2	0.00055861	22.114	25.130	96.882	34.859	48.878	294.63	5.0014	20.774	0.027832	vapor
401.70	5.4000	1790.1	0.00055863	22.114	25.131	96.884	34.859	48.877	294.63	5.0011	20.775	0.027833	vapor
401.71	5.4000	1790.0	0.00055865	22.114	25.131	96.885	34.860	48.877	294.64	5.0008	20.775	0.027833	vapor
401.72	5.4000	1790.0	0.00055867	22.115	25.132	96.886	34.860	48.877	294.64	5.0005	20.776	0.027834	vapor
401.73	5.4000	1789.9	0.00055869	22.115	25.132	96.887	34.860	48.876	294.65	5.0002	20.776	0.027835	vapor
401.74	5.4000	1789.9	0.00055871	22.116	25.133	96.888	34.860	48.876	294.65	4.9999	20.776	0.027835	vapor
401.75	5.4000	1789.8	0.00055873	22.116	25.133	96.890	34.860	48.875	294.66	4.9996	20.777	0.027836	vapor
401.76	5.4000	1789.7	0.00055875	22.116	25.134	96.891	34.860	48.875	294.66	4.9993	20.777	0.027837	vapor
401.77	5.4000	1789.7	0.00055877	22.117	25.134	96.892	34.861	48.875	294.67	4.9990	20.778	0.027837	vapor
401.78	5.4000	1789.6	0.00055879	22.117	25.135	96.893	34.861	48.874	294.67	4.9986	20.778	0.027838	vapor
401.79	5.4000	1789.5	0.00055881	22.117	25.135	96.894	34.861	48.874	294.68	4.9983	20.778	0.027839	vapor
401.80	5.4000	1789.5	0.00055883	22.118	25.136	96.896	34.861	48.873	294.68	4.9980	20.779	0.027839	vapor
401.81	5.4000	1789.4	0.00055885	22.118	25.136	96.897	34.861	48.873	294.69	4.9977	20.779	0.027840	vapor
401.82	5.4000	1789.3	0.00055887	22.119	25.136	96.898	34.861	48.872	294.69	4.9974	20.780	0.027841	vapor
401.83	5.4000	1789.3	0.00055889	22.119	25.137	96.899	34.862	48.872	294.70	4.9971	20.780	0.027841	vapor
401.84	5.4000	1789.2	0.00055891	22.119	25.137	96.901	34.862	48.872	294.70	4.9968	20.781	0.027842	vapor
401.85	5.4000	1789.1	0.00055893	22.120	25.138	96.902	34.862	48.871	294.71	4.9965	20.781	0.027843	vapor
401.86	5.4000	1789.1	0.00055895	22.120	25.138	96.903	34.862	48.871	294.72	4.9962	20.781	0.027843	vapor
401.87	5.4000	1789.0	0.00055897	22.121	25.139	96.904	34.862	48.870	294.72	4.9959	20.782	0.027844	vapor
401.88	5.4000	1789.0	0.00055899	22.121	25.139	96.905	34.862	48.870	294.73	4.9956	20.782	0.027845	vapor
401.89	5.4000	1788.9	0.00055901	22.121	25.140	96.907	34.863	48.870	294.73	4.9952	20.783	0.027845	vapor
401.90	5.4000	1788.8	0.00055903	22.122	25.140	96.908	34.863	48.869	294.74	4.9949	20.783	0.027846	vapor
401.91	5.4000	1788.8	0.00055905	22.122	25.141	96.909	34.863	48.869	294.74	4.9946	20.783	0.027847	vapor
401.92	5.4000	1788.7	0.00055907	22.122	25.141	96.910	34.863	48.868	294.75	4.9943	20.784	0.027847	vapor
401.93	5.4000	1788.6	0.00055909	22.123	25.142	96.912	34.863	48.868	294.75	4.9940	20.784	0.027848	vapor
401.94	5.4000	1788.6	0.00055911	22.123	25.142	96.913	34.863	48.868	294.76	4.9937	20.785	0.027849	vapor
401.95	5.4000	1788.5	0.00055913	22.124	25.143	96.914	34.864	48.867	294.76	4.9934	20.785	0.027849	vapor
401.96	5.4000	1788.4	0.00055915	22.124	25.143	96.915	34.864	48.867	294.77	4.9931	20.786	0.027850	vapor
401.97	5.4000	1788.4	0.00055917	22.124	25.144	96.916	34.864	48.866	294.77	4.9928	20.786	0.027851	vapor
401.98	5.4000	1788.3	0.00055919	22.125	25.144	96.918	34.864	48.866	294.78	4.9925	20.786	0.027852	vapor
401.99	5.4000	1788.3	0.00055921	22.125	25.145	96.919	34.864	48.865	294.78	4.9922	20.787	0.027852	vapor
402.00	5.4000	1788.2	0.00055923	22.125	25.145	96.920	34.865	48.865	294.79	4.9919	20.787	0.027853	vapor
402.01	5.4000	1788.1	0.00055925	22.126	25.146	96.921	34.865	48.865	294.79	4.9915	20.788	0.027854	vapor
402.02	5.4000	1788.1	0.00055927	22.126	25.146	96.922	34.865	48.864	294.80	4.9912	20.788	0.027854	vapor
402.03	5.4000	1788.0	0.00055929	22.127	25.147	96.924	34.865	48.864	294.80	4.9909	20.788	0.027855	vapor
402.04	5.4000	1787.9	0.00055931	22.127	25.147	96.925	34.865	48.863	294.81	4.9906	20.789	0.027856	vapor
402.05	5.4000	1787.9	0.00055933	22.127	25.148	96.926	34.865	48.863	294.81	4.9903	20.789	0.027856	vapor
402.06	5.4000	1787.8	0.00055935	22.128	25.148	96.927	34.866	48.863	294.82	4.9900	20.790	0.027857	vapor
402.07	5.4000	1787.7	0.00055937	22.128	25.149	96.929	34.866	48.862	294.82	4.9897	20.790	0.027858	vapor
402.08	5.4000	1787.7	0.00055939	22.129	25.149	96.930	34.866	48.862	294.83	4.9894	20.791	0.027858	vapor
402.09	5.4000	1787.6	0.00055941	22.129	25.150	96.931	34.866	48.861	294.83	4.9891	20.791	0.027859	vapor
402.10	5.4000	1787.5	0.00055943	22.129	25.150	96.932	34.866	48.861	294.84	4.9888	20.791	0.027860	vapor
402.11	5.4000	1787.5	0.00055944	22.130	25.151	96.933	34.866	48.861	294.84	4.9885	20.792	0.027860	vapor
402.12	5.4000	1787.4	0.00055946	22.130	25.151	96.935	34.867	48.860	294.85	4.9882	20.792	0.027861	vapor
402.13	5.4000	1787.4	0.00055948	22.130	25.152	96.936	34.867	48.860	294.85	4.9879	20.793	0.027862	vapor
402.14	5.4000	1787.3	0.00055950	22.131	25.152	96.937	34.867	48.859	294.86	4.9875	20.793	0.027862	vapor
402.15	5.4000	1787.2	0.00055952	22.131	25.153	96.938	34.867	48.859	294.86	4.9872	20.793	0.027863	vapor
402.16	5.4000	1787.2	0.00055954	22.132	25.153	96.939	34.867	48.858	294.87	4.9869	20.794	0.027864	vapor
402.17	5.4000	1787.1	0.00055956	22.132	25.154	96.941	34.867	48.858	294.87	4.9866	20.794	0.027864	vapor
402.18	5.4000	1787.0	0.00055958	22.132	25.154	96.942	34.868	48.858	294.88	4.9863	20.795	0.027865	vapor
402.19	5.4000	1787.0	0.00055960	22.133	25.155	96.943	34.868	48.857	294.88	4.9860	20.795	0.027866	vapor
402.20	5.4000	1786.9	0.00055962	22.133	25.155	96.944	34.868	48.857	294.89	4.9857	20.796	0.027866	vapor
402.21	5.4000	1786.8	0.00055964	22.133	25.156	96.946	34.868	48.856	294.89	4.9854	20.796	0.027867	vapor
402.22	5.4000	1786.8	0.00055966	22.134	25.156	96.947	34.868	48.856	294.90	4.9851	20.796	0.027868	vapor
402.23	5.4000	1786.7	0.00055968	22.134	25.157	96.948	34.868	48.856	294.90	4.9848	20.797	0.027868	vapor
402.24	5.4000	1786.7	0.00055970	22.135	25.157	96.949	34.869	48.855	294.91	4.9845	20.797	0.027869	vapor
402.25	5.4000	1786.6	0.00055972	22.135	25.158	96.950	34.869	48.855	294.91	4.9842	20.798	0.027870	vapor
402.26	5.4000	1786.5	0.00055974	22.135	25.158	96.952	34.869	48.854	294.92	4.9839	20.798	0.027870	vapor
402.27	5.4000	1786.5	0.00055976	22.136	25.158	96.953	34.869	48.854	294.92	4.9835	20.798	0.027871	vapor
402.28	5.4000	1786.4	0.00055978	22.136	25.159	96.954	34.869	48.854	294.93	4.9832	20.799	0.027872	vapor
402.29	5.4000	1786.3	0.00055980	22.137	25.159	96.955	34.869	48.853	294.93	4.9829	20.799	0.027872	vapor
402.30	5.4000	1786.3	0.00055982	22.137	25.160	96.956	34.870	48.853	294.94	4.9826	20.800	0.027873	vapor
402.31	5.4000	1786.2	0.00055984	22.137	25.160	96.958	34.870	48.852	294.94	4.9823	20.800	0.027874	vapor
402.32	5.4000	1786.1	0.00055986	22.138	25.161	96.959	34.870	48.852	294.95	4.9820	20.801	0.027874	vapor
402.33	5.4000	1786.1	0.00055988	22.138	25.161	96.960	34.870	48.852	294.95	4.9817	20.801	0.027875	vapor
402.34	5.4000	1786.0	0.00055990	22.138	25.162	96.961	34.870	48.851	294.96	4.9814	20.801	0.027876	vapor
402.35	5.4000	1786.0	0.00055992	22.139	25.162	96.963	34.870	48.851	294.96	4.9811	20.802	0.027876	vapor
402.36	5.4000	1785.9	0.00055994	22.139	25.163	96.964	34.871	48.850	294.97	4.9808	20.802	0.027877	vapor
402.37	5.4000	1785.8	0.00055996	22.140	25.163	96.965	34.871	48.850	294.97	4.9805	20.803	0.027878	vapor
402.38	5.4000	1785.8	0.00055998	22.140	25.164	96.966	34.871	48.849	294.98	4.9802	20.803	0.027878	vapor
402.39	5.4000	1785.7	0.00056000	22.140	25.164	96.967	34.871	48.849	294.98	4.9799	20.803	0.027879	vapor
402.40	5.4000	1785.6	0.00056002	22.141	25.165	96.969	34.871	48.849	294.99	4.9796	20.804	0.027880	vapor
402.41	5.4000	1785.6	0.00056004	22.141	25.165	96.970	34.871	48.848	294.99	4.9792	20.804	0.027881	vapor
402.42	5.4000	1785.5	0.00056006	22.141	25.166	96.971	34.872	48.848	295.00	4.9789	20.805	0.027881	vapor
402.43	5.4000	1785.4	0.00056008	22.142	25.166	96.972	34.872	48.847	295.00	4.9786	20.805	0.027882	vapor
402.44	5.4000	1785.4	0.00056010	22.142	25.167	96.973	34.872	48.847	295.01	4.9783	20.806	0.027883	vapor
402.45	5.4000	1785.3	0.00056012	22.143	25.167	96.975	34.872	48.847	295.01	4.9780	20.806	0.027883	vapor
402.46	5.4000	1785.3	0.00056014	22.143	25.168	96.976	34.872	48.846	295.02	4.9777	20.806	0.027884	vapor
402.47	5.4000	1785.2	0.00056016	22.143	25.168	96.977	34.872	48.846	295.02	4.9774	20.807	0.027885	vapor
402.48	5.4000	1785.1	0.00056018	22.144	25.169	96.978	34.873	48.845	295.03	4.9771	20.807	0.027885	vapor
402.49	5.4000	1785.1	0.00056020	22.144	25.169	96.980	34.873	48.845	295.03	4.9768	20.808	0.027886	vapor
402.50	5.4000	1785.0	0.00056022	22.145	25.170	96.981	34.873	48.845	295.04	4.9765	20.808	0.027887	vapor
402.51	5.4000	1784.9	0.00056024	22.145	25.170	96.982	34.873	48.844	295.04	4.9762	20.808	0.027887	vapor
402.52	5.4000	1784.9	0.00056026	22.145	25.171	96.983	34.873	48.844	295.05	4.9759	20.809	0.027888	vapor
402.53	5.4000	1784.8	0.00056028	22.146	25.171	96.984	34.874	48.843	295.05	4.9756	20.809	0.027889	vapor
402.54	5.4000	1784.7	0.00056030	22.146	25.172	96.986	34.874	48.843	295.06	4.9753	20.810	0.027889	vapor
402.55	5.4000	1784.7	0.00056032	22.146	25.172	96.987	34.874	48.843	295.06	4.9750	20.810	0.027890	vapor
402.56	5.4000	1784.6	0.00056034	22.147	25.173	96.988	34.874	48.842	295.07	4.9746	20.811	0.027891	vapor
402.57	5.4000	1784.6	0.00056036	22.147	25.173	96.989	34.874	48.842	295.07	4.9743	20.811	0.027891	vapor
402.58	5.4000	1784.5	0.00056038	22.148	25.174	96.990	34.874	48.841	295.08	4.9740	20.811	0.027892	vapor
402.59	5.4000	1784.4	0.00056040	22.148	25.174	96.992	34.875	48.841	295.08	4.9737	20.812	0.027893	vapor
402.60	5.4000	1784.4	0.00056042	22.148	25.175	96.993	34.875	48.841	295.09	4.9734	20.812	0.027893	vapor
402.61	5.4000	1784.3	0.00056044	22.149	25.175	96.994	34.875	48.840	295.09	4.9731	20.813	0.027894	vapor
402.62	5.4000	1784.2	0.00056046	22.149	25.176	96.995	34.875	48.840	295.10	4.9728	20.813	0.027895	vapor
402.63	5.4000	1784.2	0.00056048	22.149	25.176	96.997	34.875	48.839	295.10	4.9725	20.813	0.027895	vapor
402.64	5.4000	1784.1	0.00056050	22.150	25.177	96.998	34.875	48.839	295.11	4.9722	20.814	0.027896	vapor
402.65	5.4000	1784.0	0.00056052	22.150	25.177	96.999	34.876	48.839	295.11	4.9719	20.814	0.027897	vapor
402.66	5.4000	1784.0	0.00056054	22.151	25.178	97.000	34.876	48.838	295.12	4.9716	20.815	0.027897	vapor
402.67	5.4000	1783.9	0.00056056	22.151	25.178	97.001	34.876	48.838	295.12	4.9713	20.815	0.027898	vapor
402.68	5.4000	1783.9	0.00056058	22.151	25.179	97.003	34.876	48.837	295.13	4.9710	20.815	0.027899	vapor
402.69	5.4000	1783.8	0.00056060	22.152	25.179	97.004	34.876	48.837	295.13	4.9707	20.816	0.027899	vapor
402.70	5.4000	1783.7	0.00056062	22.152	25.179	97.005	34.876	48.836	295.14	4.9704	20.816	0.027900	vapor
402.71	5.4000	1783.7	0.00056064	22.153	25.180	97.006	34.877	48.836	295.14	4.9700	20.817	0.027901	vapor
402.72	5.4000	1783.6	0.00056066	22.153	25.180	97.007	34.877	48.836	295.15	4.9697	20.817	0.027901	vapor
402.73	5.4000	1783.5	0.00056068	22.153	25.181	97.009	34.877	48.835	295.16	4.9694	20.818	0.027902	vapor
402.74	5.4000	1783.5	0.00056070	22.154	25.181	97.010	34.877	48.835	295.16	4.9691	20.818	0.027903	vapor
402.75	5.4000	1783.4	0.00056072	22.154	25.182	97.011	34.877	48.834	295.17	4.9688	20.818	0.027903	vapor
402.76	5.4000	1783.4	0.00056074	22.154	25.182	97.012	34.877	48.834	295.17	4.9685	20.819	0.027904	vapor
402.77	5.4000	1783.3	0.00056076	22.155	25.183	97.014	34.878	48.834	295.18	4.9682	20.819	0.027905	vapor
402.78	5.4000	1783.2	0.00056078	22.155	25.183	97.015	34.878	48.833	295.18	4.9679	20.820	0.027905	vapor
402.79	5.4000	1783.2	0.00056080	22.156	25.184	97.016	34.878	48.833	295.19	4.9676	20.820	0.027906	vapor
402.80	5.4000	1783.1	0.00056082	22.156	25.184	97.017	34.878	48.832	295.19	4.9673	20.820	0.027907	vapor
402.81	5.4000	1783.0	0.00056084	22.156	25.185	97.018	34.878	48.832	295.20	4.9670	20.821	0.027908	vapor
402.82	5.4000	1783.0	0.00056086	22.157	25.185	97.020	34.878	48.832	295.20	4.9667	20.821	0.027908	vapor
402.83	5.4000	1782.9	0.00056088	22.157	25.186	97.021	34.879	48.831	295.21	4.9664	20.822	0.027909	vapor
402.84	5.4000	1782.8	0.00056090	22.157	25.186	97.022	34.879	48.831	295.21	4.9661	20.822	0.027910	vapor
402.85	5.4000	1782.8	0.00056092	22.158	25.187	97.023	34.879	48.830	295.22	4.9658	20.823	0.027910	vapor
402.86	5.4000	1782.7	0.00056094	22.158	25.187	97.024	34.879	48.830	295.22	4.9655	20.823	0.027911	vapor
402.87	5.4000	1782.7	0.00056096	22.159	25.188	97.026	34.879	48.830	295.23	4.9652	20.823	0.027912	vapor
402.88	5.4000	1782.6	0.00056098	22.159	25.188	97.027	34.880	48.829	295.23	4.9648	20.824	0.027912	vapor
402.89	5.4000	1782.5	0.00056100	22.159	25.189	97.028	34.880	48.829	295.24	4.9645	20.824	0.027913	vapor
402.90	5.4000	1782.5	0.00056102	22.160	25.189	97.029	34.880	48.828	295.24	4.9642	20.825	0.027914	vapor
402.91	5.4000	1782.4	0.00056104	22.160	25.190	97.030	34.880	48.828	295.25	4.9639	20.825	0.027914	vapor
402.92	5.4000	1782.3	0.00056106	22.161	25.190	97.032	34.880	48.828	295.25	4.9636	20.825	0.027915	vapor
402.93	5.4000	1782.3	0.00056108	22.161	25.191	97.033	34.880	48.827	295.26	4.9633	20.826	0.027916	vapor
402.94	5.4000	1782.2	0.00056110	22.161	25.191	97.034	34.881	48.827	295.26	4.9630	20.826	0.027916	vapor
402.95	5.4000	1782.1	0.00056112	22.162	25.192	97.035	34.881	48.826	295.27	4.9627	20.827	0.027917	vapor
402.96	5.4000	1782.1	0.00056114	22.162	25.192	97.037	34.881	48.826	295.27	4.9624	20.827	0.027918	vapor
402.97	5.4000	1782.0	0.00056116	22.162	25.193	97.038	34.881	48.826	295.28	4.9621	20.828	0.027918	vapor
402.98	5.4000	1782.0	0.00056118	22.163	25.193	97.039	34.881	48.825	295.28	4.9618	20.828	0.027919	vapor
402.99	5.4000	1781.9	0.00056120	22.163	25.194	97.040	34.881	48.825	295.29	4.9615	20.828	0.027920	vapor
403.00	5.4000	1781.8	0.00056122	22.164	25.194	97.041	34.882	48.824	295.29	4.9612	20.829	0.027920	vapor
403.01	5.4000	1781.8	0.00056124	22.164	25.195	97.043	34.882	48.824	295.30	4.9609	20.829	0.027921	vapor
403.02	5.4000	1781.7	0.00056126	22.164	25.195	97.044	34.882	48.824	295.30	4.9606	20.830	0.027922	vapor
403.03	5.4000	1781.6	0.00056128	22.165	25.196	97.045	34.882	48.823	295.31	4.9603	20.830	0.027922	vapor
403.04	5.4000	1781.6	0.00056130	22.165	25.196	97.046	34.882	48.823	295.31	4.9600	20.830	0.027923	vapor
403.05	5.4000	1781.5	0.00056132	22.165	25.197	97.047	34.882	48.822	295.32	4.9597	20.831	0.027924	vapor
403.06	5.4000	1781.4	0.00056134	22.166	25.197	97.049	34.883	48.822	295.32	4.9593	20.831	0.027924	vapor
403.07	5.4000	1781.4	0.00056136	22.166	25.198	97.050	34.883	48.822	295.33	4.9590	20.832	0.027925	vapor
403.08	5.4000	1781.3	0.00056138	22.167	25.198	97.051	34.883	48.821	295.33	4.9587	20.832	0.027926	vapor
403.09	5.4000	1781.3	0.00056140	22.167	25.199	97.052	34.883	48.821	295.34	4.9584	20.833	0.027926	vapor
403.10	5.4000	1781.2	0.00056142	22.167	25.199	97.053	34.883	48.820	295.34	4.9581	20.833	0.027927	vapor
403.11	5.4000	1781.1	0.00056144	22.168	25.200	97.055	34.883	48.820	295.35	4.9578	20.833	0.027928	vapor
403.12	5.4000	1781.1	0.00056146	22.168	25.200	97.056	34.884	48.820	295.35	4.9575	20.834	0.027928	vapor
403.13	5.4000	1781.0	0.00056148	22.168	25.200	97.057	34.884	48.819	295.36	4.9572	20.834	0.027929	vapor
403.14	5.4000	1780.9	0.00056150	22.169	25.201	97.058	34.884	48.819	295.36	4.9569	20.835	0.027930	vapor
403.15	5.4000	1780.9	0.00056152	22.169	25.201	97.060	34.884	48.818	295.37	4.9566	20.835	0.027930	vapor
403.16	5.4000	1780.8	0.00056154	22.170	25.202	97.061	34.884	48.818	295.37	4.9563	20.835	0.027931	vapor
403.17	5.4000	1780.8	0.00056156	22.170	25.202	97.062	34.884	48.818	295.38	4.9560	20.836	0.027932	vapor
403.18	5.4000	1780.7	0.00056158	22.170	25.203	97.063	34.885	48.817	295.38	4.9557	20.836	0.027933	vapor
403.19	5.4000	1780.6	0.00056160	22.171	25.203	97.064	34.885	48.817	295.39	4.9554	20.837	0.027933	vapor
403.20	5.4000	1780.6	0.00056162	22.171	25.204	97.066	34.885	48.816	295.39	4.9551	20.837	0.027934	vapor
403.21	5.4000	1780.5	0.00056164	22.172	25.204	97.067	34.885	48.816	295.40	4.9548	20.838	0.027935	vapor
403.22	5.4000	1780.4	0.00056166	22.172	25.205	97.068	34.885	48.816	295.40	4.9545	20.838	0.027935	vapor
403.23	5.4000	1780.4	0.00056168	22.172	25.205	97.069	34.886	48.815	295.41	4.9542	20.838	0.027936	vapor
403.24	5.4000	1780.3	0.00056170	22.173	25.206	97.070	34.886	48.815	295.41	4.9539	20.839	0.027937	vapor
403.25	5.4000	1780.2	0.00056172	22.173	25.206	97.072	34.886	48.814	295.42	4.9536	20.839	0.027937	vapor
403.26	5.4000	1780.2	0.00056174	22.173	25.207	97.073	34.886	48.814	295.42	4.9532	20.840	0.027938	vapor
403.27	5.4000	1780.1	0.00056176	22.174	25.207	97.074	34.886	48.814	295.43	4.9529	20.840	0.027939	vapor
403.28	5.4000	1780.1	0.00056178	22.174	25.208	97.075	34.886	48.813	295.43	4.9526	20.840	0.027939	vapor
403.29	5.4000	1780.0	0.00056180	22.175	25.208	97.076	34.887	48.813	295.44	4.9523	20.841	0.027940	vapor
403.30	5.4000	1779.9	0.00056182	22.175	25.209	97.078	34.887	48.812	295.44	4.9520	20.841	0.027941	vapor
403.31	5.4000	1779.9	0.00056184	22.175	25.209	97.079	34.887	48.812	295.45	4.9517	20.842	0.027941	vapor
403.32	5.4000	1779.8	0.00056186	22.176	25.210	97.080	34.887	48.812	295.45	4.9514	20.842	0.027942	vapor
403.33	5.4000	1779.7	0.00056188	22.176	25.210	97.081	34.887	48.811	295.46	4.9511	20.843	0.027943	vapor
403.34	5.4000	1779.7	0.00056190	22.176	25.211	97.083	34.887	48.811	295.46	4.9508	20.843	0.027943	vapor
403.35	5.4000	1779.6	0.00056192	22.177	25.211	97.084	34.888	48.810	295.47	4.9505	20.843	0.027944	vapor
403.36	5.4000	1779.6	0.00056194	22.177	25.212	97.085	34.888	48.810	295.47	4.9502	20.844	0.027945	vapor
403.37	5.4000	1779.5	0.00056196	22.178	25.212	97.086	34.888	48.810	295.48	4.9499	20.844	0.027945	vapor
403.38	5.4000	1779.4	0.00056198	22.178	25.213	97.087	34.888	48.809	295.48	4.9496	20.845	0.027946	vapor
403.39	5.4000	1779.4	0.00056200	22.178	25.213	97.089	34.888	48.809	295.49	4.9493	20.845	0.027947	vapor
403.40	5.4000	1779.3	0.00056202	22.179	25.214	97.090	34.888	48.809	295.49	4.9490	20.845	0.027947	vapor
403.41	5.4000	1779.2	0.00056204	22.179	25.214	97.091	34.889	48.808	295.50	4.9487	20.846	0.027948	vapor
403.42	5.4000	1779.2	0.00056206	22.180	25.215	97.092	34.889	48.808	295.50	4.9484	20.846	0.027949	vapor
403.43	5.4000	1779.1	0.00056208	22.180	25.215	97.093	34.889	48.807	295.51	4.9481	20.847	0.027949	vapor
403.44	5.4000	1779.0	0.00056210	22.180	25.216	97.095	34.889	48.807	295.51	4.9478	20.847	0.027950	vapor
403.45	5.4000	1779.0	0.00056212	22.181	25.216	97.096	34.889	48.807	295.52	4.9475	20.847	0.027951	vapor
403.46	5.4000	1778.9	0.00056214	22.181	25.217	97.097	34.889	48.806	295.52	4.9472	20.848	0.027951	vapor
403.47	5.4000	1778.9	0.00056216	22.181	25.217	97.098	34.890	48.806	295.53	4.9469	20.848	0.027952	vapor
403.48	5.4000	1778.8	0.00056218	22.182	25.218	97.099	34.890	48.805	295.53	4.9466	20.849	0.027953	vapor
403.49	5.4000	1778.7	0.00056220	22.182	25.218	97.101	34.890	48.805	295.54	4.9462	20.849	0.027953	vapor
403.50	5.4000	1778.7	0.00056222	22.183	25.219	97.102	34.890	48.805	295.54	4.9459	20.850	0.027954	vapor
403.51	5.4000	1778.6	0.00056224	22.183	25.219	97.103	34.890	48.804	295.55	4.9456	20.850	0.027955	vapor
403.52	5.4000	1778.5	0.00056226	22.183	25.220	97.104	34.891	48.804	295.55	4.9453	20.850	0.027956	vapor
403.53	5.4000	1778.5	0.00056228	22.184	25.220	97.106	34.891	48.803	295.56	4.9450	20.851	0.027956	vapor
403.54	5.4000	1778.4	0.00056230	22.184	25.220	97.107	34.891	48.803	295.56	4.9447	20.851	0.027957	vapor
403.55	5.4000	1778.4	0.00056232	22.184	25.221	97.108	34.891	48.803	295.57	4.9444	20.852	0.027958	vapor
403.56	5.4000	1778.3	0.00056234	22.185	25.221	97.109	34.891	48.802	295.57	4.9441	20.852	0.027958	vapor
403.57	5.4000	1778.2	0.00056236	22.185	25.222	97.110	34.891	48.802	295.58	4.9438	20.852	0.027959	vapor
403.58	5.4000	1778.2	0.00056238	22.186	25.222	97.112	34.892	48.801	295.58	4.9435	20.853	0.027960	vapor
403.59	5.4000	1778.1	0.00056240	22.186	25.223	97.113	34.892	48.801	295.59	4.9432	20.853	0.027960	vapor
403.60	5.4000	1778.0	0.00056242	22.186	25.223	97.114	34.892	48.801	295.59	4.9429	20.854	0.027961	vapor
403.61	5.4000	1778.0	0.00056244	22.187	25.224	97.115	34.892	48.800	295.60	4.9426	20.854	0.027962	vapor
403.62	5.4000	1777.9	0.00056246	22.187	25.224	97.116	34.892	48.800	295.60	4.9423	20.855	0.027962	vapor
403.63	5.4000	1777.9	0.00056248	22.188	25.225	97.118	34.892	48.799	295.61	4.9420	20.855	0.027963	vapor
403.64	5.4000	1777.8	0.00056250	22.188	25.225	97.119	34.893	48.799	295.61	4.9417	20.855	0.027964	vapor
403.65	5.4000	1777.7	0.00056252	22.188	25.226	97.120	34.893	48.799	295.62	4.9414	20.856	0.027964	vapor
403.66	5.4000	1777.7	0.00056254	22.189	25.226	97.121	34.893	48.798	295.62	4.9411	20.856	0.027965	vapor
403.67	5.4000	1777.6	0.00056256	22.189	25.227	97.122	34.893	48.798	295.63	4.9408	20.857	0.027966	vapor
403.68	5.4000	1777.5	0.00056258	22.189	25.227	97.124	34.893	48.797	295.63	4.9405	20.857	0.027966	vapor
403.69	5.4000	1777.5	0.00056260	22.190	25.228	97.125	34.893	48.797	295.64	4.9402	20.857	0.027967	vapor
403.70	5.4000	1777.4	0.00056262	22.190	25.228	97.126	34.894	48.797	295.64	4.9399	20.858	0.027968	vapor
403.71	5.4000	1777.3	0.00056264	22.191	25.229	97.127	34.894	48.796	295.65	4.9396	20.858	0.027968	vapor
403.72	5.4000	1777.3	0.00056266	22.191	25.229	97.129	34.894	48.796	295.65	4.9393	20.859	0.027969	vapor
403.73	5.4000	1777.2	0.00056268	22.191	25.230	97.130	34.894	48.796	295.66	4.9390	20.859	0.027970	vapor
403.74	5.4000	1777.2	0.00056270	22.192	25.230	97.131	34.894	48.795	295.66	4.9387	20.860	0.027970	vapor
403.75	5.4000	1777.1	0.00056272	22.192	25.231	97.132	34.894	48.795	295.67	4.9384	20.860	0.027971	vapor
403.76	5.4000	1777.0	0.00056273	22.192	25.231	97.133	34.895	48.794	295.67	4.9380	20.860	0.027972	vapor
403.77	5.4000	1777.0	0.00056275	22.193	25.232	97.135	34.895	48.794	295.68	4.9377	20.861	0.027972	vapor
403.78	5.4000	1776.9	0.00056277	22.193	25.232	97.136	34.895	48.794	295.68	4.9374	20.861	0.027973	vapor
403.79	5.4000	1776.8	0.00056279	22.194	25.233	97.137	34.895	48.793	295.69	4.9371	20.862	0.027974	vapor
403.80	5.4000	1776.8	0.00056281	22.194	25.233	97.138	34.895	48.793	295.69	4.9368	20.862	0.027974	vapor
403.81	5.4000	1776.7	0.00056283	22.194	25.234	97.139	34.896	48.792	295.70	4.9365	20.862	0.027975	vapor
403.82	5.4000	1776.7	0.00056285	22.195	25.234	97.141	34.896	48.792	295.70	4.9362	20.863	0.027976	vapor
403.83	5.4000	1776.6	0.00056287	22.195	25.235	97.142	34.896	48.792	295.71	4.9359	20.863	0.027977	vapor
403.84	5.4000	1776.5	0.00056289	22.196	25.235	97.143	34.896	48.791	295.71	4.9356	20.864	0.027977	vapor
403.85	5.4000	1776.5	0.00056291	22.196	25.236	97.144	34.896	48.791	295.72	4.9353	20.864	0.027978	vapor
403.86	5.4000	1776.4	0.00056293	22.196	25.236	97.145	34.896	48.790	295.72	4.9350	20.865	0.027979	vapor
403.87	5.4000	1776.3	0.00056295	22.197	25.237	97.147	34.897	48.790	295.73	4.9347	20.865	0.027979	vapor
403.88	5.4000	1776.3	0.00056297	22.197	25.237	97.148	34.897	48.790	295.73	4.9344	20.865	0.027980	vapor
403.89	5.4000	1776.2	0.00056299	22.197	25.238	97.149	34.897	48.789	295.74	4.9341	20.866	0.027981	vapor
403.90	5.4000	1776.2	0.00056301	22.198	25.238	97.150	34.897	48.789	295.74	4.9338	20.866	0.027981	vapor
403.91	5.4000	1776.1	0.00056303	22.198	25.239	97.151	34.897	48.788	295.75	4.9335	20.867	0.027982	vapor
403.92	5.4000	1776.0	0.00056305	22.199	25.239	97.153	34.897	48.788	295.75	4.9332	20.867	0.027983	vapor
403.93	5.4000	1776.0	0.00056307	22.199	25.240	97.154	34.898	48.788	295.76	4.9329	20.867	0.027983	vapor
403.94	5.4000	1775.9	0.00056309	22.199	25.240	97.155	34.898	48.787	295.76	4.9326	20.868	0.027984	vapor
403.95	5.4000	1775.8	0.00056311	22.200	25.241	97.156	34.898	48.787	295.77	4.9323	20.868	0.027985	vapor
403.96	5.4000	1775.8	0.00056313	22.200	25.241	97.157	34.898	48.787	295.77	4.9320	20.869	0.027985	vapor
403.97	5.4000	1775.7	0.00056315	22.200	25.241	97.159	34.898	48.786	295.78	4.9317	20.869	0.027986	vapor
403.98	5.4000	1775.7	0.00056317	22.201	25.242	97.160	34.898	48.786	295.78	4.9314	20.870	0.027987	vapor
403.99	5.4000	1775.6	0.00056319	22.201	25.242	97.161	34.899	48.785	295.79	4.9311	20.870	0.027987	vapor
404.00	5.4000	1775.5	0.00056321	22.202	25.243	97.162	34.899	48.785	295.79	4.9308	20.870	0.027988	vapor
404.01	5.4000	1775.5	0.00056323	22.202	25.243	97.164	34.899	48.785	295.80	4.9305	20.871	0.027989	vapor
404.02	5.4000	1775.4	0.00056325	22.202	25.244	97.165	34.899	48.784	295.80	4.9302	20.871	0.027989	vapor
404.03	5.4000	1775.3	0.00056327	22.203	25.244	97.166	34.899	48.784	295.81	4.9299	20.872	0.027990	vapor
404.04	5.4000	1775.3	0.00056329	22.203	25.245	97.167	34.900	48.783	295.81	4.9296	20.872	0.027991	vapor
404.05	5.4000	1775.2	0.00056331	22.203	25.245	97.168	34.900	48.783	295.82	4.9293	20.872	0.027991	vapor
404.06	5.4000	1775.2	0.00056333	22.204	25.246	97.170	34.900	48.783	295.82	4.9290	20.873	0.027992	vapor
404.07	5.4000	1775.1	0.00056335	22.204	25.246	97.171	34.900	48.782	295.83	4.9287	20.873	0.027993	vapor
404.08	5.4000	1775.0	0.00056337	22.205	25.247	97.172	34.900	48.782	295.83	4.9284	20.874	0.027993	vapor
404.09	5.4000	1775.0	0.00056339	22.205	25.247	97.173	34.900	48.781	295.84	4.9281	20.874	0.027994	vapor
404.10	5.4000	1774.9	0.00056341	22.205	25.248	97.174	34.901	48.781	295.84	4.9278	20.875	0.027995	vapor
404.11	5.4000	1774.8	0.00056343	22.206	25.248	97.176	34.901	48.781	295.85	4.9275	20.875	0.027996	vapor
404.12	5.4000	1774.8	0.00056345	22.206	25.249	97.177	34.901	48.780	295.85	4.9271	20.875	0.027996	vapor
404.13	5.4000	1774.7	0.00056347	22.207	25.249	97.178	34.901	48.780	295.86	4.9268	20.876	0.027997	vapor
404.14	5.4000	1774.7	0.00056349	22.207	25.250	97.179	34.901	48.780	295.86	4.9265	20.876	0.027998	vapor
404.15	5.4000	1774.6	0.00056351	22.207	25.250	97.180	34.901	48.779	295.87	4.9262	20.877	0.027998	vapor
404.16	5.4000	1774.5	0.00056353	22.208	25.251	97.182	34.902	48.779	295.87	4.9259	20.877	0.027999	vapor
404.17	5.4000	1774.5	0.00056355	22.208	25.251	97.183	34.902	48.778	295.88	4.9256	20.877	0.028000	vapor
404.18	5.4000	1774.4	0.00056357	22.208	25.252	97.184	34.902	48.778	295.88	4.9253	20.878	0.028000	vapor
404.19	5.4000	1774.3	0.00056359	22.209	25.252	97.185	34.902	48.778	295.89	4.9250	20.878	0.028001	vapor
404.20	5.4000	1774.3	0.00056361	22.209	25.253	97.186	34.902	48.777	295.89	4.9247	20.879	0.028002	vapor
404.21	5.4000	1774.2	0.00056363	22.210	25.253	97.188	34.902	48.777	295.90	4.9244	20.879	0.028002	vapor
404.22	5.4000	1774.2	0.00056365	22.210	25.254	97.189	34.903	48.776	295.90	4.9241	20.879	0.028003	vapor
404.23	5.4000	1774.1	0.00056367	22.210	25.254	97.190	34.903	48.776	295.91	4.9238	20.880	0.028004	vapor
404.24	5.4000	1774.0	0.00056369	22.211	25.255	97.191	34.903	48.776	295.91	4.9235	20.880	0.028004	vapor
404.25	5.4000	1774.0	0.00056371	22.211	25.255	97.193	34.903	48.775	295.92	4.9232	20.881	0.028005	vapor
404.26	5.4000	1773.9	0.00056373	22.211	25.256	97.194	34.903	48.775	295.92	4.9229	20.881	0.028006	vapor
404.27	5.4000	1773.8	0.00056375	22.212	25.256	97.195	34.904	48.775	295.93	4.9226	20.882	0.028006	vapor
404.28	5.4000	1773.8	0.00056377	22.212	25.257	97.196	34.904	48.774	295.94	4.9223	20.882	0.028007	vapor
404.29	5.4000	1773.7	0.00056379	22.213	25.257	97.197	34.904	48.774	295.94	4.9220	20.882	0.028008	vapor
404.30	5.4000	1773.6	0.00056381	22.213	25.258	97.199	34.904	48.773	295.95	4.9217	20.883	0.028008	vapor
404.31	5.4000	1773.6	0.00056383	22.213	25.258	97.200	34.904	48.773	295.95	4.9214	20.883	0.028009	vapor
404.32	5.4000	1773.5	0.00056385	22.214	25.259	97.201	34.904	48.773	295.96	4.9211	20.884	0.028010	vapor
404.33	5.4000	1773.5	0.00056387	22.214	25.259	97.202	34.905	48.772	295.96	4.9208	20.884	0.028010	vapor
404.34	5.4000	1773.4	0.00056389	22.215	25.260	97.203	34.905	48.772	295.97	4.9205	20.884	0.028011	vapor
404.35	5.4000	1773.3	0.00056391	22.215	25.260	97.205	34.905	48.771	295.97	4.9202	20.885	0.028012	vapor
404.36	5.4000	1773.3	0.00056393	22.215	25.261	97.206	34.905	48.771	295.98	4.9199	20.885	0.028012	vapor
404.37	5.4000	1773.2	0.00056395	22.216	25.261	97.207	34.905	48.771	295.98	4.9196	20.886	0.028013	vapor
404.38	5.4000	1773.1	0.00056397	22.216	25.261	97.208	34.905	48.770	295.99	4.9193	20.886	0.028014	vapor
404.39	5.4000	1773.1	0.00056399	22.216	25.262	97.209	34.906	48.770	295.99	4.9190	20.887	0.028014	vapor
404.40	5.4000	1773.0	0.00056401	22.217	25.262	97.211	34.906	48.770	296.00	4.9187	20.887	0.028015	vapor
404.41	5.4000	1773.0	0.00056403	22.217	25.263	97.212	34.906	48.769	296.00	4.9184	20.887	0.028016	vapor
404.42	5.4000	1772.9	0.00056405	22.218	25.263	97.213	34.906	48.769	296.01	4.9181	20.888	0.028017	vapor
404.43	5.4000	1772.8	0.00056407	22.218	25.264	97.214	34.906	48.768	296.01	4.9178	20.888	0.028017	vapor
404.44	5.4000	1772.8	0.00056409	22.218	25.264	97.215	34.906	48.768	296.02	4.9175	20.889	0.028018	vapor
404.45	5.4000	1772.7	0.00056411	22.219	25.265	97.217	34.907	48.768	296.02	4.9172	20.889	0.028019	vapor
404.46	5.4000	1772.6	0.00056413	22.219	25.265	97.218	34.907	48.767	296.03	4.9169	20.889	0.028019	vapor
404.47	5.4000	1772.6	0.00056415	22.219	25.266	97.219	34.907	48.767	296.03	4.9166	20.890	0.028020	vapor
404.48	5.4000	1772.5	0.00056417	22.220	25.266	97.220	34.907	48.766	296.04	4.9163	20.890	0.028021	vapor
404.49	5.4000	1772.5	0.00056419	22.220	25.267	97.221	34.907	48.766	296.04	4.9160	20.891	0.028021	vapor
404.50	5.4000	1772.4	0.00056421	22.221	25.267	97.223	34.908	48.766	296.05	4.9157	20.891	0.028022	vapor
404.51	5.4000	1772.3	0.00056423	22.221	25.268	97.224	34.908	48.765	296.05	4.9154	20.892	0.028023	vapor
404.52	5.4000	1772.3	0.00056425	22.221	25.268	97.225	34.908	48.765	296.06	4.9151	20.892	0.028023	vapor
404.53	5.4000	1772.2	0.00056427	22.222	25.269	97.226	34.908	48.765	296.06	4.9148	20.892	0.028024	vapor
404.54	5.4000	1772.1	0.00056429	22.222	25.269	97.227	34.908	48.764	296.07	4.9145	20.893	0.028025	vapor
404.55	5.4000	1772.1	0.00056431	22.223	25.270	97.229	34.908	48.764	296.07	4.9142	20.893	0.028025	vapor
404.56	5.4000	1772.0	0.00056433	22.223	25.270	97.230	34.909	48.763	296.08	4.9139	20.894	0.028026	vapor
404.57	5.4000	1772.0	0.00056435	22.223	25.271	97.231	34.909	48.763	296.08	4.9136	20.894	0.028027	vapor
404.58	5.4000	1771.9	0.00056437	22.224	25.271	97.232	34.909	48.763	296.09	4.9133	20.894	0.028027	vapor
404.59	5.4000	1771.8	0.00056439	22.224	25.272	97.234	34.909	48.762	296.09	4.9130	20.895	0.028028	vapor
404.60	5.4000	1771.8	0.00056441	22.224	25.272	97.235	34.909	48.762	296.10	4.9127	20.895	0.028029	vapor
404.61	5.4000	1771.7	0.00056443	22.225	25.273	97.236	34.909	48.761	296.10	4.9124	20.896	0.028029	vapor
404.62	5.4000	1771.7	0.00056445	22.225	25.273	97.237	34.910	48.761	296.11	4.9121	20.896	0.028030	vapor
404.63	5.4000	1771.6	0.00056447	22.226	25.274	97.238	34.910	48.761	296.11	4.9118	20.897	0.028031	vapor
404.64	5.4000	1771.5	0.00056449	22.226	25.274	97.240	34.910	48.760	296.12	4.9115	20.897	0.028031	vapor
404.65	5.4000	1771.5	0.00056450	22.226	25.275	97.241	34.910	48.760	296.12	4.9112	20.897	0.028032	vapor
404.66	5.4000	1771.4	0.00056452	22.227	25.275	97.242	34.910	48.760	296.13	4.9109	20.898	0.028033	vapor
404.67	5.4000	1771.3	0.00056454	22.227	25.276	97.243	34.911	48.759	296.13	4.9106	20.898	0.028034	vapor
404.68	5.4000	1771.3	0.00056456	22.227	25.276	97.244	34.911	48.759	296.14	4.9103	20.899	0.028034	vapor
404.69	5.4000	1771.2	0.00056458	22.228	25.277	97.246	34.911	48.758	296.14	4.9100	20.899	0.028035	vapor
404.70	5.4000	1771.2	0.00056460	22.228	25.277	97.247	34.911	48.758	296.15	4.9097	20.899	0.028036	vapor
404.71	5.4000	1771.1	0.00056462	22.229	25.278	97.248	34.911	48.758	296.15	4.9094	20.900	0.028036	vapor
404.72	5.4000	1771.0	0.00056464	22.229	25.278	97.249	34.911	48.757	296.16	4.9091	20.900	0.028037	vapor
404.73	5.4000	1771.0	0.00056466	22.229	25.279	97.250	34.912	48.757	296.16	4.9088	20.901	0.028038	vapor
404.74	5.4000	1770.9	0.00056468	22.230	25.279	97.252	34.912	48.757	296.17	4.9085	20.901	0.028038	vapor
404.75	5.4000	1770.8	0.00056470	22.230	25.280	97.253	34.912	48.756	296.17	4.9082	20.902	0.028039	vapor
404.76	5.4000	1770.8	0.00056472	22.231	25.280	97.254	34.912	48.756	296.18	4.9079	20.902	0.028040	vapor
404.77	5.4000	1770.7	0.00056474	22.231	25.280	97.255	34.912	48.755	296.18	4.9076	20.902	0.028040	vapor
404.78	5.4000	1770.7	0.00056476	22.231	25.281	97.256	34.912	48.755	296.19	4.9073	20.903	0.028041	vapor
404.79	5.4000	1770.6	0.00056478	22.232	25.281	97.258	34.913	48.755	296.19	4.9070	20.903	0.028042	vapor
404.80	5.4000	1770.5	0.00056480	22.232	25.282	97.259	34.913	48.754	296.20	4.9067	20.904	0.028042	vapor
404.81	5.4000	1770.5	0.00056482	22.232	25.282	97.260	34.913	48.754	296.20	4.9064	20.904	0.028043	vapor
404.82	5.4000	1770.4	0.00056484	22.233	25.283	97.261	34.913	48.753	296.21	4.9061	20.904	0.028044	vapor
404.83	5.4000	1770.3	0.00056486	22.233	25.283	97.262	34.913	48.753	296.21	4.9058	20.905	0.028044	vapor
404.84	5.4000	1770.3	0.00056488	22.234	25.284	97.264	34.914	48.753	296.22	4.9055	20.905	0.028045	vapor
404.85	5.4000	1770.2	0.00056490	22.234	25.284	97.265	34.914	48.752	296.22	4.9052	20.906	0.028046	vapor
404.86	5.4000	1770.2	0.00056492	22.234	25.285	97.266	34.914	48.752	296.23	4.9049	20.906	0.028046	vapor
404.87	5.4000	1770.1	0.00056494	22.235	25.285	97.267	34.914	48.752	296.23	4.9046	20.906	0.028047	vapor
404.88	5.4000	1770.0	0.00056496	22.235	25.286	97.268	34.914	48.751	296.24	4.9043	20.907	0.028048	vapor
404.89	5.4000	1770.0	0.00056498	22.235	25.286	97.270	34.914	48.751	296.24	4.9040	20.907	0.028048	vapor
404.90	5.4000	1769.9	0.00056500	22.236	25.287	97.271	34.915	48.750	296.25	4.9037	20.908	0.028049	vapor
404.91	5.4000	1769.8	0.00056502	22.236	25.287	97.272	34.915	48.750	296.25	4.9034	20.908	0.028050	vapor
404.92	5.4000	1769.8	0.00056504	22.237	25.288	97.273	34.915	48.750	296.26	4.9031	20.909	0.028050	vapor
404.93	5.4000	1769.7	0.00056506	22.237	25.288	97.274	34.915	48.749	296.26	4.9028	20.909	0.028051	vapor
404.94	5.4000	1769.7	0.00056508	22.237	25.289	97.276	34.915	48.749	296.27	4.9025	20.909	0.028052	vapor
404.95	5.4000	1769.6	0.00056510	22.238	25.289	97.277	34.915	48.749	296.27	4.9022	20.910	0.028053	vapor
404.96	5.4000	1769.5	0.00056512	22.238	25.290	97.278	34.916	48.748	296.28	4.9019	20.910	0.028053	vapor
404.97	5.4000	1769.5	0.00056514	22.238	25.290	97.279	34.916	48.748	296.28	4.9016	20.911	0.028054	vapor
404.98	5.4000	1769.4	0.00056516	22.239	25.291	97.280	34.916	48.747	296.29	4.9013	20.911	0.028055	vapor
404.99	5.4000	1769.3	0.00056518	22.239	25.291	97.282	34.916	48.747	296.29	4.9010	20.911	0.028055	vapor
405.00	5.4000	1769.3	0.00056520	22.240	25.292	97.283	34.916	48.747	296.30	4.9007	20.912	0.028056	vapor
405.01	5.4000	1769.2	0.00056522	22.240	25.292	97.284	34.916	48.746	296.30	4.9004	20.912	0.028057	vapor
405.02	5.4000	1769.2	0.00056524	22.240	25.293	97.285	34.917	48.746	296.31	4.9001	20.913	0.028057	vapor
405.03	5.4000	1769.1	0.00056526	22.241	25.293	97.286	34.917	48.746	296.31	4.8998	20.913	0.028058	vapor
405.04	5.4000	1769.0	0.00056528	22.241	25.294	97.288	34.917	48.745	296.32	4.8995	20.914	0.028059	vapor
405.05	5.4000	1769.0	0.00056530	22.242	25.294	97.289	34.917	48.745	296.32	4.8992	20.914	0.028059	vapor
405.06	5.4000	1768.9	0.00056532	22.242	25.295	97.290	34.917	48.744	296.33	4.8989	20.914	0.028060	vapor
405.07	5.4000	1768.9	0.00056534	22.242	25.295	97.291	34.918	48.744	296.33	4.8986	20.915	0.028061	vapor
405.08	5.4000	1768.8	0.00056536	22.243	25.296	97.293	34.918	48.744	296.34	4.8983	20.915	0.028061	vapor
405.09	5.4000	1768.7	0.00056538	22.243	25.296	97.294	34.918	48.743	296.34	4.8980	20.916	0.028062	vapor
405.10	5.4000	1768.7	0.00056540	22.243	25.297	97.295	34.918	48.743	296.35	4.8977	20.916	0.028063	vapor
405.11	5.4000	1768.6	0.00056542	22.244	25.297	97.296	34.918	48.743	296.35	4.8974	20.916	0.028063	vapor
405.12	5.4000	1768.5	0.00056544	22.244	25.298	97.297	34.918	48.742	296.36	4.8971	20.917	0.028064	vapor
405.13	5.4000	1768.5	0.00056546	22.245	25.298	97.299	34.919	48.742	296.36	4.8968	20.917	0.028065	vapor
405.14	5.4000	1768.4	0.00056548	22.245	25.299	97.300	34.919	48.741	296.37	4.8965	20.918	0.028065	vapor
405.15	5.4000	1768.4	0.00056550	22.245	25.299	97.301	34.919	48.741	296.37	4.8962	20.918	0.028066	vapor
