Temperature (K)	Pressure (MPa)	Density (mol/m3)	Volume (m3/mol)	Internal Energy (kJ/mol)	Enthalpy (kJ/mol)	Entropy (J/mol*K)	Cv (J/mol*K)	Cp (J/mol*K)	Sound Spd. (m/s)	Joule-Thomson (K/MPa)	Viscosity (uPa*s)	Therm. Cond. (W/m*K)	Phase
313.15	1.8000	751.44	0.0013308	19.767	22.162	96.862	31.216	43.339	263.06	9.6881	15.879	0.018900	vapor
313.15	1.9000	797.28	0.0012543	19.737	22.120	96.315	31.322	43.722	262.35	9.6888	15.899	0.018981	vapor
313.15	2.0000	843.62	0.0011854	19.707	22.078	95.790	31.429	44.116	261.63	9.6893	15.919	0.019064	vapor
313.15	2.1000	890.48	0.0011230	19.676	22.035	95.284	31.537	44.520	260.90	9.6896	15.940	0.019149	vapor
313.15	2.2000	937.87	0.0010662	19.646	21.991	94.796	31.646	44.935	260.17	9.6897	15.961	0.019237	vapor
313.15	2.3000	985.81	0.0010144	19.614	21.948	94.324	31.757	45.362	259.44	9.6895	15.984	0.019326	vapor
313.15	2.4000	1034.3	0.00096682	19.583	21.903	93.867	31.870	45.802	258.71	9.6891	16.007	0.019419	vapor
313.15	2.5000	1083.4	0.00092302	19.551	21.859	93.423	31.984	46.254	257.97	9.6884	16.031	0.019514	vapor
313.15	2.6000	1133.1	0.00088255	19.519	21.814	92.991	32.099	46.720	257.22	9.6875	16.056	0.019611	vapor
313.15	2.7000	1183.4	0.00084504	19.487	21.768	92.570	32.216	47.200	256.47	9.6862	16.081	0.019712	vapor
313.15	2.8000	1234.3	0.00081017	19.454	21.722	92.159	32.335	47.695	255.72	9.6847	16.108	0.019815	vapor
313.15	2.9000	1285.9	0.00077767	19.421	21.676	91.757	32.456	48.206	254.96	9.6828	16.135	0.019922	vapor
313.15	3.0000	1338.1	0.00074730	19.387	21.629	91.364	32.578	48.733	254.20	9.6806	16.164	0.020032	vapor
313.15	3.1000	1391.1	0.00071885	19.353	21.582	90.979	32.703	49.278	253.43	9.6780	16.193	0.020145	vapor
313.15	3.2000	1444.8	0.00069215	19.319	21.534	90.600	32.829	49.840	252.66	9.6751	16.224	0.020261	vapor
313.15	3.3000	1499.2	0.00066703	19.284	21.485	90.228	32.957	50.422	251.88	9.6717	16.255	0.020382	vapor
313.15	3.4000	1554.4	0.00064335	19.249	21.436	89.863	33.088	51.024	251.10	9.6680	16.288	0.020506	vapor
313.15	3.5000	1610.3	0.00062098	19.213	21.386	89.502	33.220	51.647	250.31	9.6638	16.321	0.020634	vapor
313.15	3.6000	1667.1	0.00059983	19.177	21.336	89.147	33.355	52.293	249.52	9.6591	16.356	0.020767	vapor
313.15	3.7000	1724.8	0.00057978	19.140	21.285	88.796	33.492	52.963	248.72	9.6540	16.393	0.020904	vapor
313.15	3.8000	1783.3	0.00056075	19.103	21.234	88.450	33.632	53.658	247.92	9.6484	16.430	0.021046	vapor
313.15	3.9000	1842.8	0.00054266	19.065	21.182	88.108	33.774	54.380	247.11	9.6422	16.469	0.021193	vapor
313.15	4.0000	1903.2	0.00052544	19.027	21.129	87.768	33.919	55.130	246.29	9.6354	16.509	0.021345	vapor
313.15	4.1000	1964.5	0.00050902	18.989	21.076	87.433	34.067	55.910	245.47	9.6280	16.551	0.021503	vapor
313.15	4.2000	2027.0	0.00049335	18.949	21.021	87.099	34.217	56.723	244.65	9.6200	16.595	0.021667	vapor
313.15	4.3000	2090.4	0.00047837	18.909	20.966	86.769	34.371	57.570	243.81	9.6113	16.640	0.021837	vapor
313.15	4.4000	2155.0	0.00046403	18.869	20.911	86.440	34.527	58.453	242.97	9.6019	16.687	0.022013	vapor
313.15	4.5000	2220.8	0.00045030	18.828	20.854	86.114	34.688	59.376	242.13	9.5918	16.736	0.022197	vapor
313.15	4.6000	2287.7	0.00043712	18.786	20.797	85.789	34.851	60.340	241.27	9.5808	16.786	0.022388	vapor
313.15	4.7000	2355.9	0.00042446	18.744	20.739	85.465	35.018	61.349	240.41	9.5690	16.839	0.022587	vapor
313.15	4.8000	2425.5	0.00041229	18.700	20.679	85.143	35.189	62.407	239.55	9.5563	16.894	0.022794	vapor
313.15	4.9000	2496.4	0.00040057	18.656	20.619	84.821	35.364	63.516	238.67	9.5427	16.951	0.023011	vapor
313.15	5.0000	2568.8	0.00038929	18.612	20.558	84.500	35.544	64.681	237.79	9.5280	17.010	0.023237	vapor
313.15	5.1000	2642.7	0.00037840	18.566	20.496	84.179	35.727	65.906	236.90	9.5123	17.072	0.023473	vapor
313.15	5.2000	2718.2	0.00036789	18.520	20.433	83.858	35.916	67.197	236.00	9.4954	17.137	0.023721	vapor
313.15	5.3000	2795.4	0.00035773	18.472	20.368	83.536	36.109	68.558	235.10	9.4773	17.205	0.023980	vapor
313.15	5.4000	2874.3	0.00034791	18.424	20.303	83.214	36.308	69.997	234.18	9.4580	17.275	0.024251	vapor
313.15	5.5000	2955.2	0.00033839	18.375	20.236	82.891	36.512	71.519	233.26	9.4372	17.349	0.024537	vapor
313.15	5.6000	3038.0	0.00032917	18.324	20.168	82.567	36.722	73.132	232.33	9.4149	17.426	0.024836	vapor
313.15	5.7000	3122.9	0.00032022	18.273	20.098	82.241	36.938	74.846	231.39	9.3911	17.507	0.025152	vapor
313.15	5.8000	3210.0	0.00031153	18.220	20.027	81.913	37.161	76.670	230.43	9.3656	17.592	0.025485	vapor
313.15	5.9000	3299.5	0.00030308	18.166	19.955	81.583	37.391	78.615	229.47	9.3383	17.682	0.025836	vapor
313.15	6.0000	3391.5	0.00029485	18.111	19.880	81.251	37.629	80.693	228.50	9.3090	17.776	0.026207	vapor
313.15	6.1000	3486.2	0.00028684	18.055	19.804	80.915	37.874	82.921	227.52	9.2776	17.874	0.026600	vapor
313.15	6.2000	3583.8	0.00027903	17.996	19.726	80.576	38.128	85.313	226.52	9.2439	17.979	0.027017	vapor
313.15	6.3000	3684.5	0.00027141	17.937	19.646	80.233	38.392	87.890	225.51	9.2078	18.089	0.027460	vapor
313.15	6.4000	3788.4	0.00026396	17.875	19.564	79.886	38.665	90.674	224.49	9.1690	18.205	0.027932	vapor
313.15	6.5000	3896.0	0.00025667	17.812	19.480	79.533	38.950	93.691	223.46	9.1273	18.328	0.028434	vapor
313.15	6.6000	4007.5	0.00024953	17.746	19.393	79.175	39.245	96.971	222.41	9.0825	18.459	0.028971	vapor
313.15	6.7000	4123.1	0.00024253	17.679	19.304	78.811	39.554	100.55	221.35	9.0342	18.598	0.029547	vapor
313.15	6.8000	4243.4	0.00023566	17.609	19.212	78.440	39.876	104.48	220.27	8.9822	18.747	0.030165	vapor
313.15	6.9000	4368.7	0.00022890	17.537	19.116	78.061	40.213	108.79	219.18	8.9261	18.906	0.030830	vapor
313.15	7.0000	4499.5	0.00022225	17.462	19.017	77.673	40.566	113.57	218.06	8.8653	19.076	0.031547	vapor
313.15	7.1000	4636.4	0.00021568	17.383	18.915	77.276	40.936	118.88	216.93	8.7996	19.259	0.032324	vapor
313.15	7.2000	4780.2	0.00020920	17.302	18.808	76.867	41.327	124.81	215.78	8.7282	19.457	0.033168	vapor
313.15	7.3000	4931.5	0.00020278	17.216	18.697	76.446	41.738	131.48	214.60	8.6506	19.671	0.034087	vapor
313.15	7.4000	5091.4	0.00019641	17.127	18.580	76.011	42.174	139.04	213.40	8.5660	19.904	0.035093	vapor
313.15	7.4000	5091.4	0.00019641	17.127	18.580	76.011	42.174	139.04	213.40	8.5660	19.904	0.035093	supercritical
313.15	7.4000	5091.4	0.00019641	17.127	18.580	76.011	42.174	139.04	213.40	8.5660	19.904	0.035093	supercritical
313.15	7.5000	5260.9	0.00019008	17.033	18.458	75.559	42.636	147.66	212.17	8.4735	20.159	0.036198	supercritical
313.15	7.6000	5441.5	0.00018377	16.933	18.330	75.089	43.127	157.59	210.92	8.3721	20.440	0.037417	supercritical
313.15	7.7000	5634.8	0.00017747	16.828	18.194	74.598	43.650	169.11	209.63	8.2604	20.750	0.038769	supercritical
313.15	7.8000	5842.9	0.00017115	16.715	18.050	74.082	44.210	182.62	208.31	8.1370	21.096	0.040276	supercritical
313.15	7.9000	6068.4	0.00016479	16.595	17.896	73.538	44.810	198.64	206.96	7.9999	21.485	0.041964	supercritical
313.15	8.0000	6314.4	0.00015837	16.465	17.732	72.960	45.456	217.85	205.58	7.8468	21.927	0.043866	supercritical
313.15	8.1000	6585.2	0.00015185	16.324	17.554	72.343	46.151	241.15	204.18	7.6747	22.434	0.046021	supercritical
313.15	8.2000	6886.0	0.00014522	16.170	17.361	71.679	46.899	269.70	202.76	7.4800	23.023	0.048469	supercritical
313.15	8.3000	7223.4	0.00013844	16.000	17.149	70.959	47.703	304.89	201.35	7.2584	23.716	0.051254	supercritical
313.15	8.4000	7605.4	0.00013149	15.812	16.917	70.174	48.559	348.26	199.98	7.0057	24.545	0.054408	supercritical
313.15	8.5000	8041.7	0.00012435	15.603	16.660	69.314	49.447	401.14	198.72	6.7187	25.547	0.057938	supercritical
313.15	8.6000	8542.3	0.00011706	15.371	16.377	68.371	50.314	463.77	197.71	6.3961	26.774	0.061793	supercritical
313.15	8.7000	9114.5	0.00010972	15.114	16.068	67.347	51.045	531.35	197.29	6.0359	28.280	0.065757	supercritical
313.15	8.8000	9750.1	0.00010256	14.839	15.741	66.269	51.469	583.64	198.13	5.6361	30.086	0.069177	supercritical
313.15	8.9000	10407.	9.6086e-05	14.565	15.420	65.213	51.462	591.13	200.75	5.2149	32.107	0.071214	supercritical
313.15	9.0000	11032.	9.0648e-05	14.314	15.130	64.256	51.070	564.78	204.95	4.8185	34.178	0.072176	supercritical
313.15	9.1000	11597.	8.6230e-05	14.093	14.877	63.421	50.430	521.11	210.54	4.4581	36.184	0.072483	supercritical
313.15	9.2000	12089.	8.2720e-05	13.904	14.665	62.715	49.679	469.06	217.14	4.1345	38.039	0.072312	supercritical
313.15	9.3000	12509.	7.9940e-05	13.744	14.487	62.123	48.919	419.67	224.22	3.8509	39.706	0.071972	supercritical
313.15	9.4000	12869.	7.7708e-05	13.609	14.339	61.624	48.205	378.06	231.38	3.6058	41.193	0.071671	supercritical
313.15	9.5000	13179.	7.5878e-05	13.492	14.213	61.197	47.559	344.50	238.41	3.3940	42.525	0.071483	supercritical
313.15	9.6000	13451.	7.4345e-05	13.390	14.104	60.824	46.986	317.52	245.22	3.2097	43.730	0.071409	supercritical
313.15	9.7000	13692.	7.3035e-05	13.300	14.008	60.495	46.481	295.55	251.77	3.0477	44.829	0.071430	supercritical
313.15	9.8000	13908.	7.1899e-05	13.218	13.923	60.200	46.035	277.35	258.07	2.9040	45.841	0.071523	supercritical
313.15	9.9000	14104.	7.0900e-05	13.144	13.846	59.933	45.642	262.04	264.10	2.7754	46.778	0.071673	supercritical
313.15	10.000	14283.	7.0011e-05	13.077	13.777	59.689	45.292	248.98	269.89	2.6596	47.652	0.071867	supercritical
313.15	10.100	14448.	6.9213e-05	13.014	13.714	59.464	44.981	237.72	275.44	2.5546	48.471	0.072093	supercritical
313.15	10.200	14601.	6.8490e-05	12.957	13.655	59.256	44.701	227.90	280.77	2.4589	49.243	0.072345	supercritical
313.15	10.300	14743.	6.7831e-05	12.903	13.601	59.062	44.449	219.27	285.88	2.3711	49.973	0.072616	supercritical
313.15	10.400	14875.	6.7225e-05	12.852	13.551	58.880	44.222	211.62	290.81	2.2903	50.667	0.072901	supercritical
313.15	10.500	15000.	6.6666e-05	12.804	13.504	58.709	44.014	204.79	295.56	2.2156	51.328	0.073197	supercritical
313.15	10.600	15118.	6.6148e-05	12.759	13.460	58.547	43.826	198.66	300.14	2.1462	51.960	0.073500	supercritical
313.15	10.700	15229.	6.5664e-05	12.716	13.419	58.394	43.652	193.12	304.57	2.0816	52.565	0.073808	supercritical
313.15	10.800	15335.	6.5212e-05	12.675	13.380	58.248	43.493	188.09	308.86	2.0212	53.147	0.074120	supercritical
313.15	10.900	15435.	6.4787e-05	12.637	13.343	58.109	43.347	183.51	313.01	1.9646	53.708	0.074434	supercritical
313.15	11.000	15531.	6.4387e-05	12.599	13.308	57.976	43.211	179.31	317.04	1.9113	54.249	0.074748	supercritical
313.15	11.100	15623.	6.4009e-05	12.564	13.274	57.849	43.085	175.44	320.96	1.8612	54.772	0.075062	supercritical
313.15	11.200	15711.	6.3650e-05	12.529	13.242	57.727	42.968	171.88	324.77	1.8139	55.278	0.075375	supercritical
313.15	11.300	15795.	6.3310e-05	12.496	13.212	57.609	42.858	168.57	328.47	1.7691	55.769	0.075687	supercritical
313.15	11.400	15877.	6.2986e-05	12.464	13.183	57.496	42.756	165.51	332.09	1.7266	56.246	0.075997	supercritical
313.15	11.500	15955.	6.2676e-05	12.434	13.155	57.386	42.660	162.65	335.62	1.6862	56.710	0.076304	supercritical
313.15	11.600	16031.	6.2381e-05	12.404	13.128	57.280	42.570	159.98	339.06	1.6478	57.161	0.076609	supercritical
313.15	11.700	16104.	6.2098e-05	12.375	13.102	57.178	42.485	157.48	342.43	1.6112	57.602	0.076912	supercritical
313.15	11.800	16174.	6.1827e-05	12.347	13.077	57.079	42.404	155.13	345.72	1.5762	58.031	0.077211	supercritical
313.15	11.900	16243.	6.1566e-05	12.320	13.053	56.982	42.328	152.93	348.95	1.5428	58.451	0.077508	supercritical
313.15	12.000	16309.	6.1315e-05	12.294	13.030	56.889	42.256	150.85	352.11	1.5108	58.861	0.077802	supercritical
313.15	12.100	16374.	6.1074e-05	12.268	13.007	56.797	42.188	148.88	355.20	1.4801	59.262	0.078092	supercritical
313.15	12.200	16436.	6.0841e-05	12.243	12.986	56.709	42.123	147.03	358.24	1.4507	59.655	0.078380	supercritical
313.15	12.300	16497.	6.0616e-05	12.219	12.965	56.622	42.061	145.27	361.23	1.4224	60.041	0.078665	supercritical
313.15	12.400	16557.	6.0399e-05	12.195	12.944	56.538	42.002	143.60	364.16	1.3952	60.418	0.078946	supercritical
313.15	12.500	16614.	6.0189e-05	12.172	12.924	56.456	41.946	142.01	367.04	1.3690	60.789	0.079225	supercritical
313.15	12.600	16671.	5.9985e-05	12.150	12.905	56.375	41.892	140.49	369.87	1.3437	61.153	0.079500	supercritical
313.15	12.700	16726.	5.9788e-05	12.127	12.887	56.297	41.841	139.05	372.65	1.3194	61.510	0.079773	supercritical
313.15	12.800	16780.	5.9596e-05	12.106	12.869	56.220	41.791	137.68	375.40	1.2959	61.861	0.080043	supercritical
313.15	12.900	16832.	5.9410e-05	12.085	12.851	56.145	41.744	136.36	378.10	1.2732	62.207	0.080309	supercritical
313.15	13.000	16883.	5.9230e-05	12.064	12.834	56.071	41.698	135.10	380.76	1.2512	62.547	0.080573	supercritical
313.15	13.100	16934.	5.9054e-05	12.044	12.817	55.999	41.654	133.90	383.38	1.2299	62.881	0.080834	supercritical
313.15	13.200	16983.	5.8883e-05	12.024	12.801	55.928	41.612	132.74	385.96	1.2093	63.211	0.081093	supercritical
313.15	13.300	17031.	5.8716e-05	12.004	12.785	55.859	41.572	131.63	388.51	1.1894	63.535	0.081348	supercritical
313.15	13.400	17078.	5.8554e-05	11.985	12.770	55.791	41.533	130.56	391.02	1.1700	63.855	0.081602	supercritical
313.15	13.500	17124.	5.8396e-05	11.966	12.755	55.724	41.495	129.53	393.50	1.1513	64.171	0.081852	supercritical
313.15	13.600	17170.	5.8242e-05	11.948	12.740	55.658	41.458	128.54	395.95	1.1330	64.482	0.082100	supercritical
313.15	13.700	17214.	5.8091e-05	11.930	12.725	55.594	41.423	127.59	398.37	1.1153	64.789	0.082346	supercritical
313.15	13.800	17258.	5.7944e-05	11.912	12.711	55.530	41.389	126.67	400.76	1.0981	65.092	0.082589	supercritical
313.15	13.900	17301.	5.7800e-05	11.894	12.698	55.468	41.356	125.79	403.12	1.0813	65.391	0.082829	supercritical
313.15	14.000	17343.	5.7660e-05	11.877	12.684	55.406	41.324	124.93	405.45	1.0650	65.686	0.083068	supercritical
313.15	14.100	17385.	5.7522e-05	11.860	12.671	55.346	41.294	124.10	407.75	1.0492	65.978	0.083304	supercritical
313.15	14.200	17425.	5.7388e-05	11.843	12.658	55.286	41.264	123.30	410.03	1.0337	66.266	0.083538	supercritical
313.15	14.300	17465.	5.7256e-05	11.827	12.645	55.228	41.235	122.52	412.28	1.0186	66.551	0.083770	supercritical
313.15	14.400	17505.	5.7127e-05	11.810	12.633	55.170	41.207	121.77	414.51	1.0040	66.833	0.083999	supercritical
313.15	14.500	17543.	5.7001e-05	11.795	12.621	55.113	41.180	121.04	416.71	0.98963	67.112	0.084227	supercritical
313.15	14.600	17582.	5.6877e-05	11.779	12.609	55.057	41.153	120.34	418.89	0.97566	67.387	0.084452	supercritical
313.15	14.700	17619.	5.6756e-05	11.763	12.598	55.002	41.128	119.65	421.05	0.96201	67.660	0.084676	supercritical
313.15	14.800	17656.	5.6637e-05	11.748	12.586	54.948	41.103	118.99	423.18	0.94869	67.930	0.084898	supercritical
313.15	14.900	17693.	5.6521e-05	11.733	12.575	54.894	41.078	118.34	425.29	0.93568	68.197	0.085117	supercritical
313.15	15.000	17729.	5.6406e-05	11.718	12.564	54.841	41.055	117.71	427.39	0.92296	68.461	0.085335	supercritical
313.15	15.100	17764.	5.6294e-05	11.703	12.553	54.788	41.032	117.10	429.46	0.91053	68.722	0.085551	supercritical
313.15	15.200	17799.	5.6183e-05	11.689	12.543	54.737	41.010	116.51	431.51	0.89837	68.982	0.085765	supercritical
313.15	15.300	17833.	5.6075e-05	11.674	12.532	54.686	40.988	115.93	433.54	0.88648	69.238	0.085978	supercritical
313.15	15.400	17867.	5.5968e-05	11.660	12.522	54.635	40.967	115.37	435.55	0.87484	69.493	0.086188	supercritical
313.15	15.500	17901.	5.5863e-05	11.646	12.512	54.585	40.947	114.82	437.54	0.86346	69.745	0.086397	supercritical
313.15	15.600	17934.	5.5760e-05	11.632	12.502	54.536	40.927	114.28	439.52	0.85230	69.994	0.086605	supercritical
313.15	15.700	17967.	5.5659e-05	11.619	12.493	54.488	40.907	113.76	441.48	0.84138	70.242	0.086810	supercritical
313.15	15.800	17999.	5.5559e-05	11.605	12.483	54.439	40.888	113.25	443.42	0.83069	70.487	0.087015	supercritical
313.15	15.900	18031.	5.5461e-05	11.592	12.474	54.392	40.870	112.76	445.34	0.82020	70.731	0.087217	supercritical
313.15	16.000	18062.	5.5365e-05	11.579	12.465	54.345	40.852	112.27	447.24	0.80993	70.972	0.087418	supercritical
313.15	16.100	18093.	5.5270e-05	11.566	12.456	54.299	40.834	111.80	449.13	0.79986	71.211	0.087618	supercritical
313.15	16.200	18124.	5.5177e-05	11.553	12.447	54.253	40.817	111.34	451.01	0.78998	71.448	0.087816	supercritical
313.15	16.300	18154.	5.5084e-05	11.540	12.438	54.207	40.800	110.89	452.86	0.78029	71.684	0.088013	supercritical
313.15	16.400	18184.	5.4994e-05	11.528	12.429	54.162	40.784	110.45	454.71	0.77078	71.917	0.088208	supercritical
313.15	16.500	18213.	5.4904e-05	11.515	12.421	54.118	40.768	110.02	456.53	0.76145	72.149	0.088402	supercritical
313.15	16.600	18243.	5.4816e-05	11.503	12.413	54.074	40.753	109.59	458.35	0.75230	72.379	0.088595	supercritical
313.15	16.700	18272.	5.4730e-05	11.491	12.405	54.030	40.738	109.18	460.14	0.74331	72.607	0.088786	supercritical
313.15	16.800	18300.	5.4644e-05	11.478	12.396	53.987	40.723	108.78	461.93	0.73448	72.834	0.088976	supercritical
313.15	16.900	18329.	5.4560e-05	11.466	12.389	53.944	40.709	108.38	463.70	0.72581	73.059	0.089165	supercritical
313.15	17.000	18357.	5.4477e-05	11.455	12.381	53.902	40.695	107.99	465.45	0.71729	73.282	0.089352	supercritical
313.15	17.100	18384.	5.4395e-05	11.443	12.373	53.860	40.681	107.62	467.19	0.70892	73.504	0.089538	supercritical
313.15	17.200	18412.	5.4314e-05	11.431	12.365	53.818	40.668	107.24	468.92	0.70069	73.724	0.089723	supercritical
313.15	17.300	18439.	5.4234e-05	11.420	12.358	53.777	40.655	106.88	470.64	0.69261	73.943	0.089907	supercritical
313.15	17.400	18466.	5.4155e-05	11.408	12.351	53.736	40.642	106.52	472.34	0.68466	74.161	0.090090	supercritical
313.15	17.500	18492.	5.4077e-05	11.397	12.343	53.696	40.630	106.17	474.03	0.67685	74.376	0.090271	supercritical
313.15	17.600	18518.	5.4000e-05	11.386	12.336	53.656	40.617	105.83	475.71	0.66916	74.591	0.090451	supercritical
313.15	17.700	18544.	5.3925e-05	11.375	12.329	53.616	40.606	105.49	477.37	0.66160	74.804	0.090631	supercritical
313.15	17.800	18570.	5.3850e-05	11.364	12.322	53.577	40.594	105.16	479.03	0.65416	75.016	0.090809	supercritical
313.15	17.900	18596.	5.3776e-05	11.353	12.315	53.538	40.583	104.84	480.67	0.64684	75.226	0.090986	supercritical
313.15	18.000	18621.	5.3703e-05	11.342	12.309	53.499	40.572	104.52	482.30	0.63963	75.435	0.091162	supercritical
